7896451824776
7896451826770
7896451826763
7896451824813
7896451837295
7896451844842
7896451852441
7896451852472
7896451843012
7896451800084
7896451800053
7896451844958
7896451856302
7896451856333
7896451849861
7896650401204
7896650401211
7896650401969
7896650400788
7896650401938
7898314175810
7891114047820
7891114053609
7898314173991
7896637668590
7896637668583
7893946487508
7896637673419
7896637670449
7896637674263
7896637675246
7896637679794
7896637679695
7896637674454
7896637674447
7896637671453
7896637679312
7896637680776
7896637680301
5011402183296
5011402183302
39725022790
7891009744186
7891009835020
7896902935082
3165140515672
3165140318433
7895316851223
7895316756412
885911267502
885911267496
7891117059042
7891009808178
7891009726762
7891009808253
8710364065912
7891009798400
7891009798417
7891009795515
7891009795522
7891114089882
7891009808260
7891114114294
7891114114300
7891009817880
7891009817897
7891114120066
7891114105148
7891114125474
7891114125481
7891009829067
7891009829050
7891009833354
7891009833361
7891009827186
7891009827193
7891009833767
7891009833774
3165140662833
3165140662840
7891009827667
7891009827674
7896902945746
7891009826851
7891009826875
7891009826950
7891009826967
3165140573047
7891009824802
7891009824819
3165140573030
885911453424
885911453417
885911219853
885911219860
28877471556
885911397346
885911397315
885911453516
885911453523
7891009845593
7891009845609
7891009833293
7891009833309
3165140871105
3165140865272
7891009795324
7891009795331
3165140563161
7896902946736
7896902946743
3165140784580
3165140771054
3165140771061
7891009824758
7891009736266
7891009846330
7891009846354
7891009847726
7891009847733
7891114124941
7891114120325
7891009856056
7891009856063
7891009852294
7891009852300
7891117087045
7891117087052
7798106375315
7798106375148
7898632330908
3165140830911
7891009864846
3165140880008
7893946153588
7893946153595
7893946526788
7896902947283
7891117092698
7891117092704
7891009833392
7891009833408
7891009780498
17891009780501
7891009847689
7891009847696
3165140899017
3165140899000
7891009855349
7891009855356
7891009830032
7891009571140
7891009850443
7891009850450
3165140786034
3165140786041
8710364032662
7891009821757
7891009821764
885911563581
885911448062
885911487610
885911528153
885911528177
885911402477
885911402484
885911454520
885911454537
885911454438
885911454421
885911508650
885911482400
885911482394
885911559263
885911559256
5035048543719
5035048543771
885911406444
885911406451
885911402552
885911402569
885911408622
885911408639
6949509226983
7798106374981
7798106374998
7798106374905
7898632330557
7898632332148
7898632330977
7891009847795
7891009847801
7891009864624
7891009864631
7891009857855
7891009857862
7891009858104
7891009858111
3165140922555
3165140922548
3165140922593
3165140922586
3165140922630
3165140922623
3165140792721
3165140792738
28877432632
28877362779
7891136065208
7891121283006
7804300123512
7804300123871
7891141022777
7891141022814
7891141022852
7891141023019
7893218000473
7804320148397
7804320116921
5000281004020
7312040017034
7891141023668
7804300010638
7891141011986
7891141016882
7804300122805
7896023083051
7896010000016
7896010000269
5601174190006
7791560040102
7791560040058
7804320559001
7804320135854
7896010004007
7804320303178
7804320087016
7804320985633
7804320510187
7790240072150
7896756802660
7896756802684
7896756802677
7896756802707
7891141021374
7896756800024
7896023083181
7501005616393
7501005616386
7804300120603
7804320068565
7804320177281
7896756803780
7790240026344
7790240026412
5000267114279
5000267117225
88076161863
88076177406
5000267014401
5000265101042
5000267107776
7898132842451
5000267116310
5000265001335
88076175051
85156210015
82184090510
82184038734
7896383700704
7896383700698
7896383700681
7798039590496
7798039590373
7798039590151
7804320065632
5010677850209
80480283339
5000289020701
5000291020706
5000281033297
7804320116815
5010106110249
7896023081460
5000267023625
5000267013602
7891136051003
7891121212006
7891121213003
7891121208009
7891121203004
80686001201
6001495062508
5010106111956
7891125064038
7891125064076
7891050004406
7891050004208
8004160660304
7891050001108
82184090442
5601174204000
7891121219005
7891050000903
7896010000375
7896010000139
80432400432
7891050000309
7891050000101
7891125100002
7891141016615
7804300003227
7804300003234
7804300121846
5601096201309
8001929136377
8001929136353
7891141004469
7896080002200
7898235980067
7898235980074
7891121154009
7891121021004
7896080001401
7891050004307
7891155065197
7891155005032
7891155002482
7891155002574
7891155008194
7891155008224
7891155008330
7891155008200
7891155065166
7894993000238
7894993000337
7894993000436
7894993000634
7894993000832
7894993010244
7894993011418
7894993030532
7894993060232
7894993944709
7891155017295
7891155017271
7891155017288
7891155017264
7891155022183
7891155022176
7891155028369
7894993987003
7894993987102
7894993987201
7894993990805
7894993990904
7894993986808
7894993031331
7891017002766
7891155016427
7894993944600
7891155002536
7896584053463
7896584053470
7894693034069
7896116110688
7896116110695
7891356046155
7891356062421
7891356048135
7891356048159
7891356047404
7891379011789
7891379011796
7894693030726
7897013539916
7897013539923
7896513309111
7891356049125
7891356049149
8710103670575
7896584055917
7898216296231
7891129212206
7896584056556
7896443131165
3016661142581
7798099240973
5037127005330
7897013547157
8023277101302
7891356053764
7891356055010
7896443129308
7896443129315
7896443128530
7896347133951
7896347133968
7891356029592
7899081730097
7895500724050
7898490163854
7899466406111
7899466406128
7899466406050
7891129208834
8710103606734
7898994297420
7898588110036
7896584056570
7897013551413
7897013551406
7897013550713
7897013550720
7896513310308
7896513315587
7896513315402
7898490164288
7898490163243
4039784913981
4039784913998
7898490164011
7898490163496
7898490163489
7891356046667
7896584060485
3016661142536
3016661142543
7891356057939
7891356057946
7891356057915
7891356057922
7891356060908
4548736044029
4548736044012
4548736044005
Novo Documento de Texto.txt
Exibindo Novo Documento de Texto.txt.